Palm Center x,Palm Center y,Palm Center z,Palm Direction x,Palm Direction y,Palm Direction z,Palm Normal x,Palm Normal y,Palm Normal z,Palm Velocity x,Palm Velocity y,Palm Velocity z,Thumb Deviation 1,Thumb Deviation 2,Thumb Deviation 3,Thumb Joint Angle 1,Thumb Joint Angle 2,Index Deviation 1,Index Deviation 2,Index Deviation 3,Index Joint Angle 1,Index Joint Angle 2,Index Angle from Prev,Middle Deviation 1,Middle Deviation 2,Middle Deviation 3,Middle Joint Angle 1,Middle Joint Angle 2,Middle Angle from Prev,Ring Deviation 1,Ring Deviation 2,Ring Deviation 3,Ring Joint Angle 1,Ring Joint Angle 2,Ring Angle from Prev,Pinky Deviation 1,Pinky Deviation 2,Pinky Deviation 3,Pinky Joint Angle 1,Pinky Joint Angle 2,Pinky Angle from Prev,Time Stamp
23.381916046142578,237.22991943359375,69.80172729492188,0.2852548658847809,0.011340898461639881,-0.95838463306427,-0.09018369764089584,-0.9951761364936829,-0.03861865773797035,-10.912444114685059,23.607925415039062,-35.46507263183594,0.7410027801944225,0.6800339148170002,0.8303771071209886,0.6129984308910328,0.7353569055019049,0.9999327330653148,0.5726902277437673,0.610628956826641,0.9652370183579534,0.719957198309668,0.9966601603799218,0.999916589724793,0.5635479143521789,0.6190046699098305,0.9797805336726645,0.6990578376092247,0.5564194641819614,0.9964019584239207,0.5959993950122756,0.6367666958402532,0.9881797838505366,0.7016194245685555,0.5425364468505559,0.7054570141395244,0.7049379735109718,0.7444824018398494,0.5444974169943012,0.5656564375105412,0.8851180443356721,199062097658
23.263832092285156,237.57456970214844,69.44076538085938,0.28447285294532776,0.012213180772960186,-0.9586063027381897,-0.08380398899316788,-0.9957742691040039,-0.03755611926317215,-13.548110008239746,39.54254913330078,-41.41404724121094,0.7388346345922358,0.6782399944734828,0.8188960875825474,0.6131609465922396,0.7221597567284301,0.9999383475098442,0.5727625455768693,0.6099869219757906,0.9650504388913612,0.7191444642825021,0.9967325875357484,0.9999282835311029,0.5632505604505263,0.6185573050515333,0.9799060506917492,0.6978096607273726,0.556596714706354,0.996495469694726,0.5956971532978028,0.6363246319327969,0.9883366163951428,0.6998920637527389,0.5425200085692241,0.7039985664584247,0.7032544590079025,0.7417917618579962,0.5445165640297316,0.5650185093470398,0.8872325461785889,199062106374
23.10411834716797,238.00857543945312,69.09343719482422,0.28372564911842346,0.013394021429121494,-0.9588119387626648,-0.08037026226520538,-0.9960519671440125,-0.03769690915942192,-17.991804122924805,48.89162826538086,-39.12712860107422,0.7370998233149515,0.6759625300449381,0.8094048474674992,0.6133141679044651,0.7107869531477797,0.9999637053605849,0.5717893652336801,0.6108915890490556,0.9655435874016292,0.7183229250205286,0.9966398487072692,0.9999645438769863,0.5622719928562318,0.619713817165452,0.98035304594525,0.6967637067519139,0.5568623787823018,0.996767100374896,0.5946295359150473,0.6372243015963467,0.9888166284570162,0.6981428457517017,0.542531547548863,0.7037006053802819,0.7024928017026156,0.7396617076416026,0.5444043579101966,0.5639346730300594,0.8881687720901519,199062115251
22.932859420776367,238.48248291015625,68.66963958740234,0.2836749851703644,0.02031741477549076,-0.9587052464485168,-0.07335034012794495,-0.9963865876197815,-0.04281989485025406,-20.2984619140625,56.169986724853516,-50.23023986816406,0.7362745180394735,0.6722175229945102,0.803784597650584,0.6126490613926616,0.701290605105319,0.9999924902199594,0.5703155854562324,0.6126306703244608,0.9661368102846756,0.7175216637349043,0.9963470210975932,0.9999954145969624,0.5609683057985109,0.6214703689003609,0.9808349581551314,0.6956179086983028,0.5572289800795813,0.997162151543287,0.5934643707918322,0.6390619235210672,0.9892337925170441,0.6969561972749082,0.5425483682763975,0.7039734391812825,0.702554189781415,0.7391910643012194,0.5442747074310224,0.5631586082079892,0.8892746831003061,199062123688
22.71355628967285,238.9372100830078,68.28498840332031,0.2845560610294342,0.024163469672203064,-0.9583548307418823,-0.06921149045228958,-0.996555745601654,-0.04567702114582062,-25.25078010559082,52.35738754272461,-44.2893180847168,0.7359699873186252,0.6699508135554771,0.7976757098729367,0.6123165856473346,0.6918608993197025,0.9999994917805525,0.56931415148654,0.6138955297791469,0.9661334360268871,0.7170155237273815,0.9959850914785776,0.9999971561949662,0.5600750107376719,0.6227557397298255,0.9807797728751134,0.6951188140783672,0.5575708088666755,0.9975310054291888,0.5926125256440523,0.6404473390367141,0.9892766361134687,0.6964091118283874,0.5425667140732313,0.7043703800773169,0.7029629077827199,0.7394534643324074,0.5441466184342374,0.5624862565615095,0.8903055239000494,199062132373
22.477794647216797,239.31236267089844,67.92572784423828,0.2852667570114136,0.0257016122341156,-0.9581034779548645,-0.06681380420923233,-0.9966752529144287,-0.04662953317165375,-26.95043182373047,42.88358688354492,-41.06768798828125,0.7363137362949133,0.6676344911161053,0.7933767345389937,0.6106940901781058,0.6822054928516684,0.9999863622940237,0.568660165176331,0.6143737759098734,0.9658810589879973,0.7162169574266991,0.9956056232258396,0.9999774692813257,0.5594033071421382,0.6235583076359177,0.9805787056317958,0.694888872646108,0.557844216898647,0.9978415959809762,0.5918244241047872,0.6413140667833485,0.9891791319010375,0.6959949813962892,0.5425506581746593,0.7039893512170955,0.7029728730360676,0.7406783610557415,0.5440350778363661,0.5627719936809517,0.8921640588200858,199062141121
22.175579071044922,239.5585174560547,67.57512664794922,0.28560495376586914,0.023761365562677383,-0.9580528140068054,-0.06467263400554657,-0.9969357848167419,-0.04400527849793434,-35.20268630981445,28.674169540405273,-40.839027404785156,0.7370086272207365,0.6654982849351623,0.7917026986312115,0.6081584392841676,0.6744161791024581,0.9999736550091617,0.5687507709952377,0.6139010399018201,0.9652439254088025,0.7158134422977143,0.995333570021461,0.99996094449001,0.5591304292332926,0.6235787711180603,0.9802822751221741,0.6948595205530375,0.5580178050982693,0.9980065484020795,0.5913821266392458,0.6414595006856859,0.9889842637753857,0.6958868508644527,0.5425214274280723,0.7023724422240933,0.7020802965214678,0.7423082437530301,0.5439483071062324,0.5637284996222792,0.8946519959976478,199062149706
21.843629837036133,239.7607879638672,67.19291687011719,0.28552669286727905,0.021721255034208298,-0.958124577999115,-0.06597495824098587,-0.9969258904457092,-0.04226182401180267,-38.33134078979492,23.356353759765625,-44.13485336303711,0.7375305365903627,0.6629048371816159,0.7917014561113133,0.6062450397376264,0.6697538270380061,0.9999661119643916,0.5682254168550551,0.6141313043919504,0.9656351384781972,0.7149906369916235,0.9949671203045727,0.9999495370102415,0.5585987114273034,0.6250451161865896,0.9805862993694191,0.6956316153016509,0.5582119222367531,0.9981058001356375,0.5908021627935109,0.6422685962324831,0.9891028395997905,0.6961751280084408,0.5424991137677818,0.7021353438753964,0.7020774339674677,0.7452709272134597,0.5437916999479445,0.5652750022808869,0.8954825312217115,199062158366
21.48578643798828,239.9014892578125,66.8047866821289,0.2857232391834259,0.02363147959113121,-0.9580207467079163,-0.06626434624195099,-0.9968159198760986,-0.04435133561491966,-40.5626335144043,15.948919296264648,-43.995880126953125,0.7377722180834948,0.6602036904793018,0.7913763588879797,0.6050465023734068,0.6661338091465295,0.9999613674350378,0.567237226589058,0.615152054637908,0.9667373464872666,0.7141047482938702,0.9945704602771738,0.9999387651061559,0.5577645781708774,0.6274392123304771,0.9814177015261931,0.6963297428927236,0.5584663363765681,0.9981885923561253,0.5902394277446533,0.6438630237943223,0.989531581808826,0.6963540913823552,0.5424812794151493,0.7028596071303918,0.7026905187159945,0.7489769854020845,0.543510832560882,0.5671617832282736,0.8958972866645621,199062167188
21.088890075683594,240.1331787109375,66.50931549072266,0.28546714782714844,0.024734776467084885,-0.9580692648887634,-0.06707145273685455,-0.9967002272605896,-0.045716796070337296,-46.23670959472656,26.990779876708984,-34.42112350463867,0.7381881416799732,0.658265456582662,0.7914781538701816,0.6040397931589355,0.6634049765078852,0.999966114811541,0.566295811554175,0.6159153363657105,0.9680646124206801,0.7129240019459189,0.9943346813646226,0.9999413286866049,0.5569688051563977,0.62986591283673,0.9824480290194665,0.6970724915315646,0.5587158654238131,0.9982024490758018,0.5896396827642,0.6454799303288904,0.99014193112247,0.6964962678837635,0.5424550637016172,0.7041076032616697,0.7033672140186181,0.7516199679038861,0.543169541983456,0.5687584649621714,0.8953740518374496,199062175772
20.725637435913086,240.56642150878906,66.27306365966797,0.2854871451854706,0.029271095991134644,-0.9579354524612427,-0.06372285634279251,-0.9967418313026428,-0.04944777861237526,-42.11140441894531,50.22530746459961,-27.38850975036621,0.738589758761306,0.6572200944509851,0.7884616961078704,0.6033409352738784,0.6579015809263009,0.9999750934928808,0.565492640153718,0.6161015992033912,0.9693473861039567,0.711306066518139,0.9942764432879183,0.9999542527616119,0.5562138262834798,0.6313185677367036,0.9835712760891929,0.6967741399052941,0.5589200748493663,0.9981735596606148,0.589082386043878,0.6468218236057957,0.9908509779784345,0.6961332940345417,0.5424074964509977,0.7052240090696587,0.7034465699612652,0.7518401810942325,0.5428735617319707,0.5700084098291422,0.8951718942899062,199062184398
20.379587173461914,241.09048461914062,65.98726654052734,0.27771255373954773,0.04932224005460739,-0.9593972563743591,-0.03569788485765457,-0.9974615573883057,-0.06161242350935936,-39.90909194946289,60.438785552978516,-32.95960998535156,0.7480461591857276,0.6725493899687296,0.7957958876133657,0.6053732584395909,0.6614996157779817,0.999980170823009,0.5637445190409092,0.6118843768255547,0.9713205397720014,0.7025964735714261,0.9926203205052748,0.9999584937272259,0.5548479362290936,0.6317160750032972,0.9852069263807136,0.6935267095284123,0.5584527263827036,0.998107950135632,0.5861105140161724,0.645615344595342,0.9920526584869704,0.6929893003626599,0.5424984500768879,0.7096561806701902,0.700767464149854,0.7329560827154978,0.5413965051862993,0.5707569022670292,0.8959778681995846,199062193069
20.027502059936523,241.6243133544922,65.7165756225586,0.2719995677471161,0.06809041649103165,-0.9598853588104248,-0.013607103377580643,-0.9971216320991516,-0.07458760589361191,-40.534751892089844,61.45804977416992,-31.16472625732422,0.7519477968635959,0.7011935399915158,0.7664410261067397,0.5962405032486937,0.6154277618706524,0.9999666755984766,0.5618616073644295,0.6098964391402356,0.972997896622816,0.69608855391105,0.98965063036555,0.9999280468514053,0.553461879499182,0.6335980012013616,0.9865281987861199,0.6911117722220335,0.5580036865061697,0.9982568067106857,0.5835311807492811,0.6461343909467159,0.9929966732237795,0.6904957592468163,0.5425933766177208,0.7159813251950669,0.7050171462083306,0.7287705175462328,0.5409159942971782,0.5705736748726207,0.8961130637034203,199062201755
19.677087783813477,242.00218200683594,65.49624633789062,0.2684900164604187,0.08096066862344742,-0.9598742127418518,-0.0025182939134538174,-0.9963994026184082,-0.08474578708410263,-40.36085891723633,43.5223388671875,-25.37720489501953,0.7420666328430153,0.7391273013738305,0.7362240514213704,0.5703520680967502,0.5429106918674351,0.9999378897515804,0.5601261537257205,0.6092003654156982,0.9743576416207383,0.6913379932251189,0.9868760729936817,0.9998714817625506,0.5523995821517235,0.6359576482519197,0.9873847491323297,0.6898219882335588,0.5576072882645973,0.9984650858828654,0.5814372441652718,0.6471193701145238,0.993659617130292,0.6886047911039717,0.542698278416468,0.722931911215688,0.7229318696127361,0.7212214853517958,0.5403023640466896,0.5786958472057897,0.8953850068019801,199062210437
19.320056915283203,242.10018920898438,65.22065734863281,0.2657516598701477,0.08552098274230957,-0.9602407217025757,0.0015808281023055315,-0.9960947632789612,-0.088276706635952,-40.82231140136719,11.206629753112793,-31.510540008544922,0.7321522437210767,0.7502792299410477,0.8235775089243279,0.5462821472551209,0.581063401862316,0.999911245402397,0.5589800265971545,0.6083502719259503,0.9752369377994466,0.6876151841506114,0.9886739217225987,0.9998299527193432,0.5517192462297468,0.6378659086902851,0.9879638601113768,0.6894273619530433,0.5572501482696665,0.9985792948511871,0.5798830781701746,0.647882787636274,0.9940635260644758,0.6879722975045256,0.5427996440616194,0.729086781488255,0.7290868696306467,0.7248414890191602,0.5403023225636683,0.5674507185947072,0.8936162533979412,199062219183
19.021020889282227,242.21408081054688,65.02225494384766,0.2648703455924988,0.08861850947141647,-0.9602033495903015,0.002426064806059003,-0.995826244354248,-0.09123697131872177,-33.629764556884766,12.80855655670166,-22.31226348876953,0.735763632355363,0.7356246297741029,0.9156130689132713,0.5403024112743036,0.6557741741343535,0.9998876656469982,0.5580936287511356,0.607246031687082,0.9759407766847441,0.6840905582126312,0.9906670721201504,0.9997951141328866,0.5511354307103903,0.6391914034133634,0.988445425469625,0.6888881149146178,0.5569463610892259,0.998675987435532,0.5784791223390301,0.6483718157653886,0.9943711977397239,0.6874218196886042,0.5428783954880764,0.7345680584214679,0.7345680414206132,0.7282120152443013,0.5403022647967924,0.559285967269803,0.8927227341309041,199062228075
18.70534324645996,242.22634887695312,64.74134063720703,0.26564672589302063,0.08882085978984833,-0.9599701166152954,9.788347961148247e-05,-0.9957493543624878,-0.0921042338013649,-37.728912353515625,1.4667636156082153,-33.57403564453125,0.7464187999748086,0.7204604841194162,0.9555918059381008,0.5422475286501562,0.6930430421929841,0.9998720125562969,0.5573299453798692,0.6066233157581372,0.9766669985466417,0.6814124663934711,0.9897629350212075,0.9997778012112225,0.5506200041542081,0.6407216814530715,0.9889719990778745,0.6888509600053235,0.5567034478252753,0.9987179007732833,0.5773601511032043,0.649234586326451,0.9946833920417768,0.6875719903712245,0.542950283382696,0.7394631210485954,0.7394633058452844,0.7306182518584897,0.5403022772391101,0.5538496627955437,0.8915592196243204,199062236442
18.36285972595215,242.17147827148438,64.5125732421875,0.26537618041038513,0.08715121448040009,-0.9601979851722717,-0.0028634825721383095,-0.9958305954933167,-0.09117676317691803,-39.588768005371094,-6.343352317810059,-26.444133758544922,0.7549981287788021,0.7137122374943862,0.9594096915020345,0.5441333731603434,0.6783103411911674,0.9998688156731609,0.556769339434531,0.6059446715310112,0.97732958369623,0.6791029617284953,0.9868770591207012,0.9997724634807672,0.5502261355594432,0.6416889274117946,0.9894419120573426,0.6885182269319337,0.5565249324063998,0.998736461278667,0.5765765769094449,0.6497579728497724,0.994902435704069,0.6876551173612779,0.5430027632495328,0.7434590422014282,0.7434591347555918,0.7322388845544896,0.5403022427556079,0.5501097228416614,0.8899601160766673,199062245093
17.98833656311035,242.29286193847656,64.3607177734375,0.2650965452194214,0.08464193344116211,-0.96049964427948,-0.006655982229858637,-0.9959552884101868,-0.08960342407226562,-42.79789352416992,13.871650695800781,-17.35319709777832,0.7597999465340607,0.7161538121256389,0.9608039218345724,0.544283419301045,0.6783105835101058,0.999881691347315,0.5563494979771656,0.605074274378258,0.9780369432776609,0.6768422946040727,0.9830188107311819,0.9997957836283383,0.5499261097852891,0.6427014132554332,0.9898955836861434,0.6888931787940527,0.5563307105388082,0.9986794809631552,0.575933798784325,0.6501739002566492,0.9951714275384435,0.6879946365362742,0.5430571945277054,0.7467942352176126,0.7467940948721968,0.7333754460170201,0.540302216343412,0.5474855775847158,0.8879676466801522,199062253844
17.61016082763672,242.4405517578125,64.22257232666016,0.26477304100990295,0.08509041368961334,-0.9605492353439331,-0.0034906305372714996,-0.9960081577301025,-0.08919373154640198,-44.07121658325195,17.211027145385742,-16.098676681518555,0.7616424852359975,0.7232794028975917,0.9648655029106946,0.5432989905381661,0.6783104964904215,0.999889645257783,0.5561661419001308,0.6043618923097083,0.978390894376331,0.6753723408391983,0.9793824830352235,0.9998208008305177,0.5497623223041177,0.6436156698836786,0.9902298421305487,0.6895198184705356,0.5561754817132623,0.9986293253481756,0.5757748259989378,0.6505571930848034,0.9953365476156432,0.688259990025343,0.5430696425121693,0.7492939802492605,0.7492941182611477,0.7336823303283097,0.5403022346842493,0.5455040147698125,0.8864259214882712,199062262425
17.2296085357666,242.63853454589844,64.12107849121094,0.26327210664749146,0.08413662016391754,-0.9610456824302673,-0.0008431593305431306,-0.9961692094802856,-0.0874425545334816,-43.70646286010742,22.73712730407715,-11.65634536743164,0.7618502355185605,0.7323764963299455,0.9697452953589654,0.5420732409070418,0.6783106375138256,0.9999212140850416,0.5562338103681073,0.6033047078150529,0.9787952144949776,0.6740516421980126,0.9768396280412137,0.9998700841178645,0.5497869705048104,0.6437700903405986,0.9905152355789346,0.6900605353493453,0.555971251833754,0.9984967970781853,0.5757745192765135,0.6502902622768089,0.9954964036412105,0.688407802406825,0.5430720419184125,0.7520196056363794,0.7520196134331063,0.7348750175899987,0.5403021529352741,0.5444991916502581,0.8874555261016458,199062271132
16.83775520324707,242.74363708496094,64.06636810302734,0.270986407995224,0.07403358072042465,-0.959731936454773,-0.02166088856756687,-0.9963164329528809,-0.08297179639339447,-44.99918746948242,12.070548057556152,-6.282717704772949,0.756160811263977,0.7429226390815339,0.9750371921857756,0.5406811299041044,0.683201865423453,0.999947906317849,0.557143676682309,0.604863453808183,0.9780980499362928,0.6785855379516343,0.9756719272063804,0.9999153731338276,0.5502271878223491,0.6405905158251908,0.9899532316123163,0.6897317331468905,0.556856801731475,0.9983705220282664,0.5779672372948222,0.6518610738159747,0.9950540346345348,0.6919689263957539,0.542858744376026,0.7458966584892569,0.7458968111199215,0.7338718306296935,0.5403023704965678,0.5488329323546043,0.8823975331631871,199062279840
16.43870735168457,242.74024963378906,63.93422317504883,0.2777954936027527,0.06424862891435623,-0.9584892988204956,-0.04180663824081421,-0.9960070848464966,-0.07888016104698181,-45.84648513793945,-0.38862594962120056,-15.18243408203125,0.7484477644497087,0.7525421816835822,0.9735344705867176,0.5403428983195679,0.6803281104351615,0.9999638051686331,0.5576239843237232,0.6069904267788716,0.9778547143473735,0.6826398857365694,0.977110622142571,0.9999388979203381,0.5507577347674352,0.6386050745721691,0.9892635380857147,0.6905223095444201,0.5575457611064317,0.998251661106358,0.5798400236925884,0.6524708692721694,0.9944580876283379,0.695279320464413,0.5427447277161599,0.7402520615684208,0.7402520871149778,0.7343017142858203,0.540302285254337,0.5576433807711277,0.8812037377896855,199062288544
16.032960891723633,242.8757781982422,63.793704986572266,0.2750169038772583,0.06545240432024002,-0.9592089056968689,-0.039425741881132126,-0.9960730671882629,-0.07927170395851135,-47.33943176269531,15.811925888061523,-16.394683837890625,0.7485382951650225,0.7553171738969525,0.9688139096283438,0.5404175292882927,0.671740858511673,0.9999819980677532,0.5576664282475907,0.6055025908544757,0.97831906405373,0.6807422055806179,0.9776105611506904,0.9999660628824976,0.5510225121470734,0.6379465670144666,0.9892286918678062,0.6911318554739412,0.5571673978942476,0.9980441502871642,0.5793781213227825,0.6503512454897594,0.9944417634112384,0.6950989811588014,0.5428300992651598,0.7403942863661546,0.7403942178028259,0.734852286994295,0.540302392380148,0.5560879668312606,0.8803025612827728,199062297115
15.67843246459961,242.87322998046875,63.556365966796875,0.2737690806388855,0.06812679767608643,-0.9593796133995056,-0.035494014620780945,-0.9960930943489075,-0.08086246252059937,-40.797367095947266,-0.29264503717422485,-27.311586380004883,0.7498634653091272,0.7571131327810492,0.9623542848824481,0.54043513522858,0.6598010126837427,0.999985882405977,0.5573460788477972,0.6054517108928307,0.9788626310706501,0.6798086174959942,0.9769669690304266,0.9999749060214228,0.5509853646036761,0.6386089752848724,0.9893855943047298,0.6919852406464133,0.5568376995943329,0.9979254323846745,0.5787067048482497,0.6496819183838396,0.9945580293413415,0.6953872061175219,0.5429305143335911,0.7413718217984805,0.7413718221845282,0.735205607118759,0.5403021241241536,0.5536234541262379,0.8793161514950882,199062305805
15.3306884765625,242.84970092773438,63.33291244506836,0.27260714769363403,0.06947367638349533,-0.9596138596534729,-0.03165072202682495,-0.9962021708488464,-0.08111391961574554,-40.03042221069336,-2.7094037532806396,-25.72295379638672,0.7510968282733121,0.7583162187927878,0.9564948467895493,0.540433580888626,0.649740235087015,0.9999898897713547,0.5572153166707243,0.6050609276991047,0.9792231834773282,0.6788332139522418,0.9767312125654873,0.9999842118914192,0.550960091741505,0.6390763484229943,0.9895425503908691,0.6927643906686433,0.5565308592766848,0.9977951366675225,0.5780765282795827,0.6487818712461241,0.9947259420602118,0.695111533657378,0.5430081028001946,0.7419151407407362,0.7419150298267526,0.7350809166862158,0.5403022445012027,0.5517357913023131,0.8784156728983619,199062314492
15.009452819824219,242.8539581298828,63.12153244018555,0.2725696563720703,0.07298173755407333,-0.959364116191864,-0.026725253090262413,-0.9961599111557007,-0.08337394893169403,-36.98743438720703,0.4902353286743164,-24.33817481994629,0.7513914752526892,0.7577948560302126,0.9505540740272428,0.5404062147273262,0.6421320648821115,0.999990573495919,0.5569718914190341,0.6051130373680653,0.9795992301641907,0.6781209967244997,0.9769645276209448,0.9999869948517409,0.5508441650265675,0.640129943968206,0.9897154053647522,0.6937356916692317,0.5562598613433629,0.9977281686068677,0.57759827817822,0.6484854008583727,0.9948559225079134,0.695078746524364,0.5430737252175265,0.7425873729286544,0.742587296193308,0.7354380599197545,0.5403023513614559,0.5509660325746327,0.8775671219061832,199062323177
14.704143524169922,242.92578125,62.90760803222656,0.2719341516494751,0.07764861732721329,-0.9591780304908752,-0.02131301909685135,-0.9960088729858398,-0.0866725891828537,-35.30811309814453,8.306541442871094,-24.739744186401367,0.7516451087961606,0.7583026825973191,0.9483417407254155,0.5404162337831782,0.6397319008771919,0.9999896482956825,0.556669544210118,0.6053651741248869,0.9799800924067228,0.6775090831660301,0.9771829679927461,0.9999874985066345,0.5507470513048687,0.6416138239533891,0.9898484538105886,0.6950965167020683,0.5560046857361901,0.9977008469296405,0.577269095097765,0.6486452531213351,0.9949636219275371,0.6952500866400831,0.5431242540904424,0.7435745124447947,0.7435744608791439,0.7361772640498448,0.5403021922842147,0.5505887486673038,0.8763775723979051,199062331824
14.39273452758789,243.1270294189453,62.75197219848633,0.2712128460407257,0.08306415379047394,-0.9589285254478455,-0.014476966112852097,-0.9958046078681946,-0.09035293012857437,-35.42764663696289,22.894817352294922,-17.706214904785156,0.7519362086443256,0.758625355885992,0.9487330904211262,0.5404194337007229,0.64110166517084,0.9999889388056381,0.5561890409742785,0.6057721917533084,0.9805847930831745,0.6766359655140858,0.977524506940857,0.999987188915309,0.5504823031564198,0.6435763149449496,0.990203037974322,0.6962337980369036,0.5557769786253826,0.997690209263148,0.5769833121654078,0.6491716385002504,0.9951876115572046,0.6950306274363532,0.5431590885324834,0.7447996696682608,0.744799635206607,0.7366799596565127,0.5403023286600356,0.5501138564837811,0.8752695399149214,199062340614
14.0454683303833,243.2635498046875,62.62480545043945,0.2706821858882904,0.0854022353887558,-0.9588730931282043,-0.012260613963007927,-0.99567049741745,-0.09214068204164505,-39.84689712524414,15.665739059448242,-14.591721534729004,0.7516331281597795,0.7597955673594583,0.9520238251702874,0.5404819734439199,0.6464379836202252,0.9999922697847168,0.555952496119603,0.6062223458718212,0.9810743549382834,0.6764229722371768,0.9778138357826955,0.9999923935668826,0.5505771074064472,0.6454087002164511,0.9902979530089188,0.6985316024425406,0.5555137892742603,0.9975969656120546,0.5770813030501997,0.6495618217012961,0.9952589555322658,0.6958143797259555,0.5431832524871276,0.746218015293874,0.7462180656142487,0.7374285105191147,0.5403023171605684,0.5496196539466826,0.8736690072104033,199062349329
13.737669944763184,243.3818817138672,62.535308837890625,0.2706025242805481,0.08756875991821289,-0.9587001800537109,-0.011377000249922276,-0.9954938888549805,-0.09414081275463104,-35.88652801513672,13.794854164123535,-10.434380531311035,0.7509114791416653,0.7600619183924798,0.953889075117546,0.5405374853537434,0.6514510048984068,0.9999953454562627,0.5556900933204107,0.6068313017148568,0.981617234340697,0.6763521272325695,0.9783519409046215,0.9999954331701091,0.5505501011761401,0.6473837969335957,0.9904915944366914,0.7005345309601733,0.5553161765232771,0.9975361036675664,0.5770637222025768,0.650136976501387,0.9953801190763948,0.6963716231854464,0.5431886397003091,0.7476891652356599,0.7476891993981643,0.738050183815513,0.5403024763282026,0.5490967898335759,0.8722542418915196,199062357906
13.415547370910645,243.54840087890625,62.40430450439453,0.27072176337242126,0.08955459296703339,-0.9584830403327942,-0.011214534752070904,-0.9953024983406067,-0.09616229683160782,-36.96179962158203,19.108123779296875,-15.032025337219238,0.7504448542931313,0.7608713096087351,0.9571893897602792,0.540619450147848,0.6581731089006541,0.9999963075085503,0.5551918895695743,0.6078967987567043,0.9823209317092427,0.6762761206980464,0.9787042275646529,0.9999940352820588,0.5503737071729221,0.6495953540731428,0.9906830542148599,0.7022781688942272,0.5551916002037909,0.997562325038275,0.5767940911095244,0.650888285762379,0.9955113785647601,0.6966099901631337,0.5431981263528209,0.7490960893854792,0.7490963088447421,0.7387543861017035,0.5403023933720885,0.5487431381435729,0.8712276116707359,199062366621
13.111600875854492,243.65444946289062,62.306175231933594,0.27079012989997864,0.09004100412130356,-0.9584181308746338,-0.01405821368098259,-0.9951398372650146,-0.09746290743350983,-35.586753845214844,12.416666030883789,-11.489415168762207,0.7502600301235647,0.7620391080931609,0.959454831657607,0.5407196126110406,0.66273221016394,0.999996987131941,0.5547936883948882,0.6091349653175357,0.9828993664089345,0.6766413551739631,0.97881119301706,0.999993291758397,0.5503224064417099,0.6514856686789098,0.990708739722657,0.7042771386111665,0.5550628382118646,0.9975756604669198,0.5765739099647174,0.65156330532503,0.9955555702514921,0.6973152436936282,0.5432128676611211,0.750344304112991,0.7503442624831115,0.7394126005764268,0.5403023376168328,0.5482481862196606,0.8697451250811435,199062375162
12.853082656860352,243.76416015625,62.15031051635742,0.2707776129245758,0.09087494015693665,-0.958342969417572,-0.01609189435839653,-0.9949678182601929,-0.0988946184515953,-29.50449562072754,12.520920753479004,-17.78841781616211,0.7502384904360317,0.7633608120445081,0.9611660190126055,0.5408304559491179,0.665641584613576,0.999993195586628,0.5543623137174124,0.6105276909280459,0.983236766192766,0.6771126525378008,0.9785466701527391,0.9999845791099866,0.5502050186736428,0.6532589807936101,0.9905661115516254,0.7059523180106956,0.5549891520512642,0.9977016144740921,0.5762188038601722,0.6523250902517089,0.9955075491315344,0.6978584861786159,0.543233236390572,0.751402293536552,0.7514022085151304,0.7402946567068985,0.5403022893546084,0.5480694809957203,0.8692978638715889,199062383924
12.586894989013672,243.87420654296875,61.989253997802734,0.271245539188385,0.09104062616825104,-0.95819491147995,-0.01847224496304989,-0.9948409199714661,-0.09975157678127289,-31.049509048461914,12.836194038391113,-18.786834716796875,0.7506102717995674,0.765470171551217,0.9627077182234636,0.5409827484163973,0.6666156465773844,0.9999832396104921,0.5539112074160621,0.6121299018342812,0.9834292620691159,0.6778352423516093,0.9779271224632585,0.9999680468250404,0.5500924719832314,0.654974943445662,0.99036294745067,0.7074892477044775,0.5549445119144998,0.9978521482813157,0.5757899940972637,0.6531933899529476,0.9954578852932492,0.6983684534701067,0.5432608429376634,0.7523702962008576,0.7523701634461182,0.7410070780306578,0.5403023314381026,0.5479059078095494,0.868958885699034,199062392497
12.336162567138672,243.99667358398438,61.883949279785156,0.27146780490875244,0.08883904665708542,-0.9583385586738586,-0.020523522049188614,-0.9949699640274048,-0.09804850071668625,-28.8729190826416,14.102317810058594,-12.125934600830078,0.7508048335164991,0.7667192225246547,0.9628877577442568,0.5410825133069395,0.6656936655347309,0.9999754811275617,0.5536369935421468,0.6131636236588404,0.9835790248362971,0.6782683998986115,0.9774357527662909,0.9999561826545144,0.5500349019722558,0.6558692208342761,0.9901956805548172,0.7084700798938475,0.554920594638803,0.9979282694959731,0.5755033183836921,0.6534075471400311,0.9954066362699706,0.6985456589599471,0.5432815987803291,0.7525745143613665,0.7525743742436701,0.7408097597091359,0.5403024019595424,0.5475878694271283,0.8686255729915375,199062401181
12.121127128601074,244.20347595214844,61.84855270385742,0.27132707834243774,0.08789414912462234,-0.958465576171875,-0.019106537103652954,-0.9951335191726685,-0.09666547924280167,-24.696882247924805,23.750831604003906,-4.065509796142578,0.7510870655982628,0.767889840198552,0.9623515944014376,0.5411638997415039,0.6630283290943928,0.999968698595776,0.5536385617373972,0.6134904608737691,0.9834614189941214,0.6785470716705353,0.977334354420929,0.9999480000080381,0.5500840649466577,0.6558610201949286,0.9899566664065725,0.7088916462810329,0.5548999446333203,0.9979635838065023,0.5754185793818473,0.6531599604999914,0.9953168723848517,0.6985214513083532,0.5432960155780494,0.7525380203595635,0.7525380844101486,0.7408040590857109,0.540302275978853,0.5475985538891084,0.8687200644332297,199062409888
11.890545845031738,244.41468811035156,61.81870651245117,0.27116143703460693,0.08814956992864609,-0.9584890007972717,-0.01626175083220005,-0.9952359795570374,-0.09612961858510971,-26.531028747558594,24.303173065185547,-3.434047222137451,0.7510361595405756,0.7676918007919318,0.9604141351064364,0.541141168484009,0.659393511958285,0.9999648744685281,0.5537327272505759,0.6135271345924533,0.9833030071930328,0.6787271773372568,0.9775250818004504,0.9999440124327516,0.550144088252263,0.6554789596082672,0.9897661031430232,0.7089235529414941,0.5548873732477797,0.9979720549588194,0.5753914514663947,0.652703304562169,0.9952421452818128,0.6983285128615274,0.5433017137690817,0.7519332184021444,0.7519331686560944,0.7406013794922086,0.5403022408086436,0.5480040842677749,0.8693008802840064,199062418579
11.689982414245605,244.58839416503906,61.82109832763672,0.27081504464149475,0.08843541890382767,-0.958560585975647,-0.01121767982840538,-0.995413601398468,-0.09500467777252197,-23.117029190063477,20.0213623046875,0.2757377326488495,0.7510623956282946,0.7671877664620045,0.9592081101737371,0.5410845443095826,0.6575598203202984,0.9999627881731175,0.5540428967736907,0.6130259651135843,0.9829051388351768,0.6788741252034951,0.9778724042848959,0.9999442358131562,0.5503519490905364,0.6544090242197714,0.9894728584407032,0.7086437181260554,0.5548549666846859,0.9979601061051802,0.57561472256976,0.6519763730585542,0.9951038912113437,0.6980919504708778,0.543290949580829,0.7512519770858991,0.7512520261979356,0.7401869068381476,0.5403023237752109,0.5482824285521084,0.8700216267351533,199062427255
11.482239723205566,244.7815704345703,61.8261833190918,0.2704204320907593,0.09028811007738113,-0.9584992527961731,-0.004785160534083843,-0.9954543709754944,-0.09511921554803848,-23.930721282958984,22.253374099731445,0.5854913592338562,0.751205938745559,0.7668182348932043,0.9592278984730191,0.5410262930648443,0.6570971224472231,0.9999598785114591,0.5542661659346789,0.6126649835162072,0.9825871248536758,0.6789879660570111,0.9782323133695832,0.9999432433912163,0.5504632977358156,0.6533476299307607,0.9892845705371306,0.7079847212424709,0.5548452758452798,0.997955590630255,0.5757923499767079,0.6513451660089584,0.995019395269824,0.6976349783823353,0.5432803637662829,0.750383699339949,0.750383743233565,0.7398139782422168,0.5403021436881245,0.5488242870505713,0.8710059251951008,199062435936
11.253076553344727,244.966064453125,61.845767974853516,0.26963067054748535,0.09279071539640427,-0.9584827423095703,0.0017101103439927101,-0.9953911900520325,-0.09588274359703064,-26.545063018798828,21.369844436645508,2.268733263015747,0.7514943490851932,0.7667914826171037,0.9585098399011014,0.5409907367422562,0.6553801931951277,0.99996582896518,0.5547405750601967,0.6119366715303011,0.9821726862945857,0.6792368311141866,0.9790386906258011,0.9999523036438851,0.5507103434154039,0.6521361493156119,0.989073917434634,0.7076436423824677,0.5547935045718887,0.9979031434069631,0.5760790089350909,0.6505553184129224,0.99492803034381,0.6973347281383969,0.543250385679353,0.7496741158383812,0.7496740986522951,0.7394436413729536,0.5403021410657369,0.549216523424073,0.8711299064822569,199062444569
10.959196090698242,245.21946716308594,61.7518196105957,0.2678603231906891,0.09595383703708649,-0.9586676955223083,0.003904980141669512,-0.9951282143592834,-0.09851211309432983,-33.7483024597168,29.101179122924805,-10.78873348236084,0.7542787233424215,0.7677705774014326,0.9619015501460931,0.5408551829113232,0.6624110639967191,0.9999277044212747,0.5551853913812312,0.6114660052527451,0.9810354852482043,0.6794789695189754,0.9790954381099337,0.9999197061579663,0.5508806515878885,0.6508319114189383,0.9882289880373173,0.7075024110376051,0.5547815887642176,0.9980779536044437,0.5765015551264457,0.6496502272451735,0.9942812945784733,0.6976867338937606,0.5432290132694743,0.7506567750669287,0.7506566308100759,0.7375172056449321,0.5403022249698551,0.5463414448326407,0.8691733586697759,199062453277
10.724833488464355,245.32546997070312,61.770347595214844,0.26704394817352295,0.09887729585170746,-0.9585983753204346,0.008115683682262897,-0.9949178099632263,-0.10036271810531616,-27.24516487121582,12.322436332702637,2.1537177562713623,0.7541968856807175,0.7669719372379072,0.9609987306620615,0.5407986547760942,0.6617481040273149,0.999945256427621,0.5556960071492463,0.6108768702138477,0.9806903524478172,0.6801267807594678,0.9796737336719986,0.9999419752825144,0.5512510555907433,0.6499174583146563,0.9880942443403671,0.7076351795732075,0.5547358431363799,0.9979749411730103,0.5769661922456368,0.6492460496270345,0.9942259203765688,0.6979576672615465,0.543197208388582,0.7501806718022598,0.7501806878539491,0.7375886177749478,0.5403021502760854,0.5467978060221405,0.8689137317801046,199062461879
10.466509819030762,245.4327392578125,61.79344177246094,0.26623666286468506,0.1000259593129158,-0.9587037563323975,0.012982328422367573,-0.9948830604553223,-0.10019546002149582,-29.344928741455078,12.184772491455078,2.6236798763275146,0.7545590328503995,0.7677720073417346,0.9615577743243783,0.5408271200862762,0.6611422862225554,0.9999634776972621,0.5561938661342118,0.6102700902258689,0.9804247906721724,0.6807302513555861,0.9801312735232631,0.9999668639069145,0.551561394236802,0.649160122356337,0.9881620443911311,0.7076800408137979,0.5546920224578276,0.9978245888552736,0.5774883270488815,0.6488597417870366,0.9942714913034347,0.6980560651003895,0.5431595072918215,0.750067478947418,0.7500672601333165,0.7371519875331355,0.5403022624154062,0.5466588719138594,0.86818375142458,199062470682
10.21726131439209,245.46035766601562,61.79573440551758,0.26606935262680054,0.09959693253040314,-0.9587948322296143,0.013896822929382324,-0.994940996170044,-0.09949526935815811,-28.871641159057617,3.2005105018615723,0.26530927419662476,0.7544843640410922,0.7677627390591514,0.9598010081106332,0.5408307522101345,0.6580563132387123,0.9999728624539853,0.5565020750673693,0.6096234774047168,0.9802400174243452,0.6808088435923859,0.9803981826889534,0.9999782090657682,0.5516762514524802,0.6489804692588892,0.9883097059143713,0.7076715196755816,0.5547058194009059,0.9977438741983246,0.5777015371466073,0.6488258310833054,0.9943260404517519,0.6982165982634517,0.5431401520024653,0.7501847358192028,0.7501848222996439,0.7369796040086408,0.5403022919444617,0.5464019697864775,0.8677335805216869,199062479315
9.964624404907227,245.44749450683594,61.77970886230469,0.2656773030757904,0.09922555088996887,-0.9589420557022095,0.01508180983364582,-0.9949952363967896,-0.0987776666879654,-29.27424430847168,-1.491593837738037,-1.8569355010986328,0.7544599041893874,0.7681385601928279,0.9597858318508931,0.5408584427817167,0.6571329516707924,0.9999765476222549,0.5566619938278794,0.6090991797557277,0.9800996733343615,0.6806824152074709,0.9805057809537572,0.9999814969259423,0.5516807457765389,0.6490098488085371,0.9884417586146484,0.7075070175577851,0.5547551626715187,0.9977309976099663,0.5778493049973035,0.6489129824269878,0.9943613612626245,0.6980982856467922,0.5431199051439836,0.7504681264241241,0.7504680999869547,0.7365362766571939,0.5403023836167127,0.5457850599732307,0.8674648890434538,199062487945
9.750287055969238,245.393310546875,61.752010345458984,0.2657691240310669,0.10003610700368881,-0.9588323831558228,0.01676909811794758,-0.9949307441711426,-0.09915423393249512,-24.109956741333008,-6.094674110412598,-3.1156980991363525,0.7548130610206056,0.7696346851079077,0.9617596273350097,0.5409451789445444,0.6579359977778624,0.9999693198802659,0.5565114622741695,0.609087278906107,0.9800263396080462,0.6804782358521839,0.9801736029062015,0.999971658991209,0.5515191055428279,0.6495657792765055,0.9884913387073374,0.7073203498187793,0.5548461656932816,0.9978386231682659,0.5777153308259928,0.6494165075901467,0.9944139938995126,0.6976398622783228,0.5431192583205351,0.7509564982675568,0.7509562630530676,0.7363833686221125,0.5403022739005127,0.5452689809332916,0.8678622407990219,199062496835
