Palm Center x,Palm Center y,Palm Center z,Palm Direction x,Palm Direction y,Palm Direction z,Palm Normal x,Palm Normal y,Palm Normal z,Palm Velocity x,Palm Velocity y,Palm Velocity z,Thumb Deviation 1,Thumb Deviation 2,Thumb Deviation 3,Thumb Joint Angle 1,Thumb Joint Angle 2,Index Deviation 1,Index Deviation 2,Index Deviation 3,Index Joint Angle 1,Index Joint Angle 2,Index Angle from Prev,Middle Deviation 1,Middle Deviation 2,Middle Deviation 3,Middle Joint Angle 1,Middle Joint Angle 2,Middle Angle from Prev,Ring Deviation 1,Ring Deviation 2,Ring Deviation 3,Ring Joint Angle 1,Ring Joint Angle 2,Ring Angle from Prev,Pinky Deviation 1,Pinky Deviation 2,Pinky Deviation 3,Pinky Joint Angle 1,Pinky Joint Angle 2,Pinky Angle from Prev,Time Stamp
-63.70296859741211,205.7688446044922,9.788117408752441,-0.03513260930776596,0.3177177608013153,-0.9475342631340027,0.4087357223033905,-0.8606286644935608,-0.3037325143814087,-54.6666374206543,-35.43870544433594,-9.326645851135254,0.6305616989948231,0.6620218760384533,0.8769969516651261,0.6259588030984466,0.6974464125250117,0.6548004785349731,0.7807111367483929,0.7574242366646144,0.574633885968293,0.541381358810335,0.5811013176410593,0.9999306516037857,0.5432101236481759,0.7003685833534495,0.9960087857320012,0.734570691487259,0.887283371953141,0.9998600642875551,0.5690971314932292,0.7180685875385837,0.9912496942152912,0.7541827726132329,0.5418401183880279,0.9963395647659359,0.644387849282833,0.732994218625433,0.9879212266300791,0.7850277096239401,0.5497511634658349,59501527732,Left hand
-64.19087982177734,205.4525146484375,9.641077041625977,-0.03828809782862663,0.3285067081451416,-0.9437252879142761,0.40476852655410767,-0.8583709001541138,-0.31521716713905334,-47.91870880126953,-31.068037033081055,-14.44117259979248,0.6318515086102208,0.6621833010312749,0.8807514232843061,0.6260682520607952,0.7030491885494301,0.6542915454203319,0.7897116725283011,0.7438991104017513,0.5796524290388926,0.5444992274347914,0.5814776186850817,0.9999560164645577,0.5432103977751352,0.6984146950542068,0.9961903763933163,0.7326897252769748,0.8872757384165536,0.999887995317701,0.569404075760461,0.7159125489082695,0.9914209040006673,0.7518170437275901,0.5417846345607039,0.9961592249069454,0.6454148832045576,0.7318687211915003,0.9880923859330617,0.7832981600071245,0.5497405609477362,59501537914,Left hand
-64.85002899169922,205.35403442382812,9.545543670654297,-0.04062892496585846,0.34016916155815125,-0.9394861459732056,0.38942137360572815,-0.8605189323425293,-0.3284175992012024,-90.73035430908203,-13.555418968200684,-13.149796485900879,0.6325488533589941,0.6612557379791234,0.8794824391469307,0.6270834294484272,0.7033721630585447,0.647294805543415,0.7980107373090739,0.7521221925536951,0.5890985167789494,0.5444992739283759,0.5809835092711209,0.9999837333235072,0.5432826414133929,0.6950541347247192,0.9963350441704367,0.7301084731823809,0.8929882381008579,0.9999185694776862,0.5693884344773124,0.7122872527859482,0.9915755535402231,0.7483536283395131,0.541747900755434,0.9958544730357834,0.6452160537339041,0.7277896459196779,0.9883333823438092,0.7793050068100477,0.5499274424030727,59501545179,Left hand
-65.6850357055664,205.36306762695312,9.47449016571045,-0.04287425056099892,0.3537638187408447,-0.9343516230583191,0.3685508668422699,-0.8636537194252014,-0.34390774369239807,-90.9190902709961,0.9843351244926453,-7.736663818359375,0.6325445900776429,0.6597667782330124,0.8753188996207252,0.628541749263769,0.7001820956907953,0.6342104896925354,0.7653451535548107,0.7464240944681948,0.5797389512635426,0.5410189856102985,0.5800278459114985,0.9999997386269235,0.5435006020385413,0.6905859461947932,0.9964103621824265,0.727318632684699,0.904628207805037,0.9999559632346179,0.5695792953366867,0.7072059047136682,0.9914861449696102,0.7447187563588564,0.5416913236000551,0.9953936243509349,0.6454152765079167,0.7215347172347043,0.9881030670280319,0.7748923686006371,0.5501403309892792,59501554363,Left hand
-66.53842163085938,205.3482666015625,9.44284725189209,-0.04691110551357269,0.3667686879634857,-0.9291286468505859,0.3541586101055145,-0.8636206984519958,-0.3587909936904907,-105.70894622802734,-1.8345587253570557,-3.9196112155914307,0.6334397384744616,0.6590767172357647,0.8731670440481055,0.6292343778329301,0.6993474640351911,0.6306271355781679,0.7562682023981568,0.7362492770182766,0.5773383516427258,0.5411132388201632,0.5796465121397885,0.9999962766537585,0.543698567774085,0.6871768554684793,0.9964204427620448,0.7252178365613009,0.9068350200720379,0.999973172419606,0.5698967656266344,0.7032308632961984,0.991207834345654,0.7422501394259371,0.5416481129964406,0.9950646598522997,0.646234142730477,0.7168225906842337,0.9874600584300337,0.7725401939157704,0.5502824208842237,59501562436,Left hand
-67.4087905883789,205.0325927734375,9.28838062286377,-0.05205049365758896,0.37671756744384766,-0.924864649772644,0.34347692131996155,-0.86286461353302,-0.3707941472530365,-100.52790832519531,-36.460044860839844,-17.84093475341797,0.6351252239939326,0.6592008407204912,0.8747435496277456,0.629509617096424,0.702684104397921,0.6326045180810884,0.7454798603287651,0.7058019396042724,0.5706152017592194,0.5436187083783357,0.579784410872752,0.9999948183529893,0.5436672936194131,0.6856283221634694,0.9964565192588354,0.7236277155138,0.9045439889960105,0.9999747187770429,0.5700638407220854,0.7006195290113597,0.9909800633987793,0.7401988972968857,0.5415978612199545,0.994864934310709,0.6473373422677416,0.7140642770699996,0.9868129729719104,0.771586971908974,0.5504214124485074,59501571094,Left hand
-68.22808837890625,204.6259307861328,8.980302810668945,-0.05680100619792938,0.3843398988246918,-0.9214426279067993,0.3264148533344269,-0.8650631308555603,-0.38094499707221985,-93.34607696533203,-46.33238220214844,-35.100521087646484,0.6364601308846619,0.6583996999801373,0.8749860547636378,0.6295242326871904,0.7056004328649336,0.6363770198771717,0.7446914800874271,0.700339580130755,0.5679835804343485,0.5444993185746971,0.5814946638534719,0.9999999887713673,0.543212778233552,0.687090936336936,0.9966491401720241,0.7226157057417034,0.9023101686085765,0.9999530191364178,0.5695334218452812,0.7000977981640488,0.9911364410668239,0.7379818658332568,0.5415488781879211,0.9948502287918306,0.6472460509771665,0.7128638559171706,0.9867429739541553,0.7703627131325183,0.5507085834444779,59501579871,Left hand
-69.06905364990234,204.36376953125,8.588144302368164,-0.06270211935043335,0.39516839385032654,-0.916466236114502,0.29932451248168945,-0.86855548620224,-0.39498886466026306,-95.92330169677734,-29.903133392333984,-44.73125457763672,0.6361457373043661,0.6563602968746439,0.8715191477626111,0.6302485989396512,0.7039963565032006,0.6323413238431569,0.7518869918665858,0.7071515130098919,0.5739147440701114,0.5444993850331296,0.5824300981925855,0.9999904957640215,0.5426285123751441,0.6893719722785575,0.9969819127664685,0.7213421352761924,0.9079123083778053,0.9999176720236674,0.5686619134555662,0.6994457257185748,0.9913061593142064,0.7355498140983316,0.5415095424897123,0.9948696551395073,0.6464665666216096,0.7107787085239936,0.986732800019953,0.7680968993605246,0.5510243006707098,59501588638,Left hand
-69.90400695800781,204.35484313964844,8.220391273498535,-0.06958979368209839,0.4080144464969635,-0.910319447517395,0.26832470297813416,-0.8712460398674011,-0.41101357340812683,-97.8507080078125,-1.0464400053024292,-43.09767532348633,0.6357362444290523,0.6531703192727563,0.8633308114869785,0.6305944454925652,0.6986129902704746,0.6268218508707968,0.7575865304797915,0.7125632571929355,0.5806669416290224,0.5444993064298586,0.5836522347667092,0.9999706992043534,0.5423535499918641,0.6900616174974378,0.9970437751719448,0.720265670855722,0.914573745440299,0.9998795173082105,0.5677936279749412,0.6972600236270767,0.9911690152955932,0.7328781457916468,0.5415225125968608,0.9948286397488026,0.6452858841779929,0.7067479710312895,0.9865353123574402,0.7646612248423816,0.5514281653455171,59501597171,Left hand
-70.41483306884766,204.09873962402344,7.704580307006836,-0.07891017198562622,0.419548362493515,-0.9042965769767761,0.2424570918083191,-0.8718091249465942,-0.42563295364379883,-59.10967254638672,-29.634449005126953,-59.686546325683594,0.6346817459425841,0.6489814111966555,0.8531249565624365,0.6308669399714736,0.692026344535936,0.6203962289142447,0.7252544898423124,0.6819707342847103,0.5684880147522614,0.5444993881767921,0.5845614455036974,0.9999315060582853,0.542227224695654,0.6909243591030164,0.9968753357411207,0.7203420986500709,0.9222013310689698,0.9998093672440089,0.5673658858603545,0.6960663962544332,0.990388531100698,0.7327811722123376,0.5415386154895905,0.9950056495648634,0.6455249617605306,0.7039920701102694,0.9852091348346449,0.7644536237929279,0.5517061811968744,59501605813,Left hand
-70.41905212402344,203.58424377441406,7.057374477386475,-0.09233762323856354,0.43478649854660034,-0.8957870602607727,0.21700425446033478,-0.8692192435264587,-0.4442600905895233,-0.484009712934494,-59.10365676879883,-74.34876251220703,0.6349575688255795,0.6428348862464475,0.846205481062277,0.6313340482668917,0.6936658525743744,0.6182922735805175,0.7133175799910902,0.6708506624712461,0.564304522481245,0.5444993153470885,0.5870866359824698,0.9998591649571716,0.5422936277134951,0.6933623849861098,0.9963478915821748,0.7235100299521119,0.9256900254412431,0.9997545744112292,0.5666999553441565,0.6962955011507929,0.9894834002483028,0.7355997290065167,0.5415921851213324,0.9950279981126187,0.6462786658158611,0.7008825340620015,0.9836923601736209,0.7648409953486871,0.5520254279194182,59501614518,Left hand
-70.0046157836914,202.74826049804688,6.262623310089111,-0.10465845465660095,0.44142165780067444,-0.891175389289856,0.2005268633365631,-0.868324875831604,-0.45365285873413086,48.011207580566406,-96.84745025634766,-92.07032775878906,0.6346786734698671,0.6371431618298841,0.8398865780862137,0.6316137205536341,0.6948905583499585,0.613330615672194,0.6976093772770988,0.6730502801122135,0.5603221761655252,0.5417346158370206,0.5884550115332471,0.9998160146184594,0.5424873875831603,0.6947239558596434,0.9958850192802536,0.7262049295575501,0.9308404744537023,0.9997448356492963,0.5666710076005586,0.6965209944377665,0.9886443857603722,0.7387242369972783,0.5416562557786302,0.9949483426144189,0.6476517523899755,0.6979497456025177,0.9819373958084918,0.7662270477509676,0.552251299441671,59501623150,Left hand
-69.10704803466797,201.49537658691406,5.502618312835693,-0.11679162830114365,0.44504740834236145,-0.8878583908081055,0.18678827583789825,-0.8681798577308655,-0.459754079580307,103.33531951904297,-144.24169921875,-87.49772644042969,0.6343480049692071,0.6313466945931391,0.834250060539808,0.6311908780195623,0.697418624894122,0.6087478847120336,0.6827751453385696,0.6856081309367928,0.556752016211551,0.5403245500313208,0.590095841362926,0.9997739604434115,0.5425793506380052,0.6962184045722689,0.9956240456723053,0.7280762483390814,0.9353887522830994,0.9997382030005774,0.5665661910339391,0.6976887642948715,0.9881598964189114,0.7417137451273585,0.5417239488729649,0.9948657116154029,0.6489917017785223,0.6956176787697792,0.9802800280432166,0.7679737833050634,0.5524804083223451,59501631836,Left hand
-67.46536254882812,200.34263610839844,4.824288845062256,-0.1258380115032196,0.44713544845581055,-0.8855702877044678,0.18666480481624603,-0.8660497069358826,-0.4638040065765381,189.5047607421875,-133.06387329101562,-78.3019027709961,0.63556418470652,0.6283211818292912,0.829220426130985,0.6305639782726505,0.698143233433294,0.6145378673536995,0.6545108063934437,0.6881949575363686,0.5454661378182672,0.5432394691353417,0.5923185264360966,0.9997372365053944,0.5424115073914951,0.6980224586782375,0.9958093056404508,0.728273079545046,0.9297102810989494,0.9997587169070494,0.566275295680043,0.6994063734258754,0.9885334568996632,0.7430498829359484,0.5417829315977983,0.9946508775707498,0.6501950000429094,0.6945409691672779,0.979619264450231,0.769011147441631,0.5526494308132265,59501640499,Left hand
-64.93710327148438,199.6051483154297,4.262203693389893,-0.13158373534679413,0.44781064987182617,-0.8843932151794434,0.1928621083498001,-0.8635385036468506,-0.4659457504749298,292.1837463378906,-85.22930908203125,-64.95842742919922,0.6380469234660395,0.6294374414325702,0.829887075984381,0.6323805731487563,0.6987772952675998,0.6257093540895746,0.6401873424790772,0.6737529411939078,0.5410055978736107,0.5435227598741292,0.594756383200026,0.9997147692069627,0.5423724097261725,0.6984349859759899,0.9958267993029919,0.7281637740756918,0.9184711750346569,0.9997696959087409,0.5665035638210304,0.7005476874792315,0.9884310722516985,0.7447952430242173,0.5418775769435412,0.9945464058121853,0.6510639840967531,0.6931872313371066,0.9789289721373193,0.7692410327912149,0.5527511251366618,59501649152,Left hand
-61.47050857543945,198.87925720214844,3.7839150428771973,-0.13543832302093506,0.45404377579689026,-0.8806251883506775,0.19416376948356628,-0.8594176173210144,-0.4729712903499603,396.5444641113281,-83.03449249267578,-54.711551666259766,0.6400730891249203,0.6280723527837025,0.8265109547103207,0.6315786879599935,0.6997632930144823,0.6324854474359826,0.6545593162575939,0.6615774576333564,0.5417639648243098,0.5404520939500582,0.5957272375940209,0.9996213344816659,0.5419884011858218,0.7004796734014227,0.9962259632856139,0.726597365895769,0.9122219810505044,0.9997437294547904,0.5658431069888996,0.7025578169928237,0.9890001668990401,0.7448651109422554,0.5419293103429982,0.9945468595418724,0.6509443006448955,0.6928584436133349,0.9790524180272672,0.7684450468713739,0.5529064842494672,59501657894,Left hand
-57.08066940307617,198.06040954589844,3.4048404693603516,-0.13584400713443756,0.46348968148231506,-0.8756276369094849,0.19331414997577667,-0.8544319868087769,-0.48226091265678406,507.9657897949219,-94.75252532958984,-43.86424255371094,0.6416030536979042,0.6254041474466945,0.8204824244561381,0.6309367462486991,0.6993233923497063,0.6355866069985452,0.658790862954634,0.6885547881592217,0.5418904253723851,0.5426788343482705,0.597140859823882,0.9995520523423419,0.5417796786677703,0.7012852768616387,0.9965094702924036,0.7248054645087582,0.9095452383429906,0.9997262699321263,0.5652949240207906,0.7030832508887741,0.9892566298333176,0.7445310124342839,0.5419786742620685,0.9945464345905063,0.650652137465794,0.6912477381008442,0.9790440394905553,0.7663975975956838,0.5530329150008757,59501666536,Left hand
-51.65841293334961,197.27517700195312,3.2613844871520996,-0.1295168399810791,0.4696654677391052,-0.8732924461364746,0.19332797825336456,-0.8518482446670532,-0.4868047535419464,627.2127075195312,-90.83200073242188,-16.594074249267578,0.6419848371923803,0.622179494441292,0.8131841110790087,0.6300930803433797,0.6973569101620881,0.6327664245076633,0.646007086389237,0.7152099684500992,0.5408437405156792,0.5527170214111504,0.5968982275243574,0.9995759763710295,0.541776132584923,0.7000361980051145,0.9967501250264013,0.7224962577394622,0.9118331771630762,0.9997731992445298,0.5649278137011807,0.701202604681271,0.9893970437496383,0.7433506907185775,0.5419953017885728,0.9942698059294284,0.6505440728829223,0.6879535064586448,0.9791348163508835,0.7632779093481492,0.5531376097497362,59501675181,Left hand
-45.547119140625,196.22947692871094,3.3697943687438965,-0.11612282693386078,0.47532641887664795,-0.872112512588501,0.20120252668857574,-0.8485907316207886,-0.48929673433303833,706.2632446289062,-120.84786224365234,12.528569221496582,0.6418679471941617,0.6189815719870992,0.8043153626347685,0.6291573641911954,0.693276476055577,0.6318092677151255,0.6364485477738107,0.7154493348681312,0.540383723181019,0.5568179402808131,0.5983376735374889,0.9995868465533908,0.5415200026528844,0.6997503172854457,0.9974159007551904,0.718408452081107,0.9128943937887233,0.9998062412679707,0.5639360315377837,0.7001658391351796,0.9901973285120037,0.7408410685906548,0.5420429373123459,0.9940343404512753,0.6490451955980995,0.6853070666039149,0.9801560344974364,0.7590423958105436,0.5532910356553975,59501683834,Left hand
-38.85001754760742,195.10350036621094,3.8974900245666504,-0.097113236784935,0.4689461588859558,-0.877871572971344,0.22912855446338654,-0.8478145003318787,-0.4782370924949646,773.3370361328125,-130.01942443847656,60.9348258972168,0.6410055012092131,0.6168200473271257,0.7992958825671759,0.6289207653781582,0.6905273651107116,0.6309069280250452,0.6309068800744729,0.678301526375045,0.5403022683316107,0.5465795635467816,0.5975663738269562,0.9996932087884753,0.5413271973130814,0.6995038380321682,0.9980531165826697,0.715702405998677,0.9120337194473566,0.9998854495416081,0.5629759130772128,0.6995330316697667,0.9910834863862222,0.7398919275926491,0.5421115947153874,0.9936246965381168,0.6467545222702682,0.6834500791822028,0.9815166344500809,0.7568354540204122,0.5532358979167978,59501692494,Left hand
-31.507701873779297,194.19754028320312,4.337032318115234,-0.07067347317934036,0.4543033540248871,-0.888039231300354,0.2632141709327698,-0.8502183556556702,-0.45590248703956604,839.8899536132812,-103.63328552246094,50.279415130615234,0.6396035883091412,0.6155220144873447,0.7919873419169329,0.625585136083695,0.6854606332680506,0.6280970987223212,0.6280970862623494,0.7097518118344179,0.5403023362326835,0.5577675614930723,0.5925015450108507,0.999815600120121,0.5410581788576801,0.6997520537692704,0.9986457483902125,0.7139179328276553,0.9121732260456367,0.9999343722240481,0.5623655986748708,0.7012385063384734,0.9920952426731411,0.7400876006744493,0.5421341991060279,0.9933158640589818,0.644218626160244,0.6864338676869657,0.9832911202546674,0.7597006085988397,0.5530353289729408,59501701236,Left hand
-23.561166763305664,192.29225158691406,5.758215427398682,-0.04331653565168381,0.4518485367298126,-0.8910424113273621,0.27108943462371826,-0.8531025052070618,-0.4457876980304718,913.6047973632812,-219.0489044189453,163.3918914794922,0.6367757144569036,0.6130998942047362,0.7780267405640573,0.6235860158122283,0.6728857328008219,0.6051643990350665,0.6086689067293696,0.6738300174411209,0.5403547086124975,0.5542185235701526,0.5855093183148462,0.9999487797585555,0.5408890724775939,0.698625925140249,0.9995190280482001,0.7074406382337878,0.9311095904387301,0.9999998564966589,0.5599277039352175,0.6992490525733726,0.9943835162944085,0.7357711473493453,0.5420415526753161,0.9918804961615282,0.6395970572960902,0.6828222470241129,0.9861833455465768,0.7570195821113579,0.5527105038272033,59501709934,Left hand
-15.47319221496582,191.05886840820312,7.17081356048584,-0.003926838282495737,0.4563648998737335,-0.889784038066864,0.3085927367210388,-0.8458102941513062,-0.4351729154586792,941.228271484375,-143.5345458984375,164.38938903808594,0.6334626649236049,0.6142582840614753,0.7675593887177657,0.6206800594793239,0.6585724735955317,0.5945686606703855,0.6121196947851377,0.6620862493929129,0.5418052505749706,0.5487163849681491,0.5780484752087612,0.9999995629768261,0.5413802209808479,0.6963193590530055,0.9993556479771742,0.7119974228037546,0.9381836808912642,0.9999143757235939,0.5579049542652357,0.6951778253223952,0.9951205122671442,0.7357252529362753,0.5423373377543489,0.9903906109317688,0.6331967449689014,0.6777771595049744,0.9882890738516522,0.7561664466749243,0.5525928446293611,59501718527,Left hand
-7.3328423500061035,189.23129272460938,8.835160255432129,0.038388654589653015,0.4477119445800781,-0.8933534026145935,0.34645751118659973,-0.8445212841033936,-0.40835151076316833,930.3257446289062,-208.86541748046875,190.2111053466797,0.6320076466784039,0.6265762367971811,0.779735780195594,0.6220752142260453,0.6494353125821271,0.5864130595001271,0.6115441625948295,0.648493939872915,0.5436884826017342,0.5451903964889444,0.5721094408046447,0.9999833463931936,0.5412384898413424,0.6934489877474633,0.9994876649287266,0.7096115653314606,0.9452020282705477,0.9998334405963211,0.5565876691294902,0.6991213852594171,0.996059505535309,0.7385340558814207,0.5423177698854028,0.9903796460795621,0.6257699004815169,0.6830360586248927,0.9904224953326457,0.761721415832268,0.5519109308560903,59501727277,Left hand
0.474142462015152,187.29849243164062,10.465310096740723,0.07566723227500916,0.4262961447238922,-0.9014133810997009,0.4002934694290161,-0.8409497141838074,-0.3640998899936676,906.8399047851562,-224.50816345214844,189.35414123535156,0.6313301140753661,0.6390911988484916,0.7955137362373904,0.6239139581057902,0.6451083177164788,0.579498630894718,0.607843086673779,0.639388888038872,0.5451237432096963,0.5441181393709181,0.5675630186636499,0.9998617190525643,0.5411712914345086,0.6908317289432583,0.9996681346859907,0.7090990199662861,0.9495291904305907,0.9996311867342372,0.5561886194360528,0.7023384153038619,0.9969454906643715,0.741483026795059,0.5421890211801385,0.9899852627072149,0.6188684409904204,0.6872616828733392,0.9926966310377926,0.76478595668431,0.5510001580711966,59501735886,Left hand
8.39413833618164,186.66311645507812,12.358924865722656,0.11253783106803894,0.41257256269454956,-0.9039463996887207,0.43638116121292114,-0.8378216624259949,-0.32806462049484253,912.231689453125,-73.18424224853516,218.10809326171875,0.6301710392897198,0.6479535590648147,0.8094336006016101,0.6250891984207366,0.6447585035769868,0.5757087709292469,0.6070592203882835,0.636446978425082,0.5466184217570972,0.5437087587405598,0.5639617508331031,0.9997054871684109,0.5409673512832794,0.6913584844410069,0.9998991037540815,0.707972433578491,0.9516847125313025,0.9993748872997623,0.5546765943074858,0.706266571941438,0.9983293955609954,0.7406022985963261,0.5420608291001247,0.9892882949970602,0.6116077711654927,0.6940681971719439,0.9958594765674144,0.7647783741859747,0.550489886952276,59501744568,Left hand
15.973613739013672,186.0406494140625,14.323005676269531,0.14794982969760895,0.39927878975868225,-0.9048134088516235,0.45835110545158386,-0.8383793830871582,-0.2950156629085541,874.5213012695312,-71.82012176513672,226.61599731445312,0.6285947918129084,0.6517325777331914,0.8146254868950048,0.6243112843743127,0.6434690369869789,0.5731076794871083,0.6049411314521135,0.6320244748628349,0.5472733359508547,0.5433250085455373,0.5617288065697145,0.9996270894727606,0.5409248637977105,0.6918227982828755,0.9999400317500352,0.7083873540321991,0.9540617908194536,0.9992374160607931,0.5534935694762315,0.7087076996223264,0.9989661929923009,0.7396974108357259,0.5420263025751727,0.9890458686595867,0.6048361825589835,0.6992136633786907,0.997764179260261,0.763542352136844,0.55012485776765,59501753235,Left hand
23.084976196289062,185.3507843017578,16.68578338623047,0.18674051761627197,0.39181068539619446,-0.9008952975273132,0.4843864142894745,-0.8345305323600769,-0.26254260540008545,821.8378295898438,-79.7247543334961,273.0588684082031,0.6243509719704227,0.6533181649778719,0.8085231378789898,0.6210706462040978,0.6328225501636333,0.572174526515898,0.6056929080987573,0.6328589048151552,0.5479018920635637,0.5432771213136091,0.5598616578376584,0.9993811423420766,0.5410110305748127,0.6941915850491509,0.999987598286152,0.7116236434499162,0.9529520696878349,0.9989596631441745,0.5514651835694984,0.711318493417923,0.9994550211610507,0.7409487578401592,0.5419727041728212,0.9885225105843696,0.59641810302551,0.7012101102394798,0.9989699744387411,0.7624104280161955,0.5497752743566904,59501761888,Left hand
29.66570281982422,184.01341247558594,19.033632278442383,0.22376979887485504,0.37720465660095215,-0.8986899852752686,0.5013647079467773,-0.8352674841880798,-0.22574692964553833,715.8410034179688,-145.47743225097656,255.39527893066406,0.6206497912482154,0.6526308773794286,0.801101117338724,0.6162737077854116,0.6250460561453232,0.5710657465759673,0.6032701010753825,0.6297395372519276,0.5474656476868359,0.543189296487709,0.5581471004499554,0.9992528410929571,0.5412165901646206,0.6949663224769281,0.9999732799262158,0.7150115953331876,0.953383545001067,0.9988529972364835,0.550792796605188,0.7137218135332559,0.9995461800871884,0.7436461051939403,0.5418720112070261,0.9885126343672374,0.5915670046141714,0.7034151820485501,0.9994196854122394,0.7623739166023105,0.5494510268276446,59501771081,Left hand
35.284847259521484,181.87893676757812,21.820192337036133,0.25756537914276123,0.366505891084671,-0.8940545320510864,0.5146289467811584,-0.8351534605026245,-0.19410234689712524,689.380859375,-261.86785888671875,341.8671875,0.6183845792372313,0.653362903338313,0.8024509975746091,0.6136834395941717,0.6240639760490174,0.5703748767009768,0.6037943768262071,0.6333622048438077,0.5478965271125474,0.5437847350513093,0.5571284478118205,0.9986359239433996,0.5418472242620256,0.6903365913781211,0.9999686609589971,0.7164957019994438,0.9503735832700456,0.9982946650012026,0.5508429914021342,0.7115399848022939,0.9996535013500835,0.7447174832429561,0.5417078027169893,0.9875310588449375,0.5894415110589662,0.7024611419091373,0.999665131176452,0.7620221165805849,0.5488907915137394,59501779232,Left hand
40.478050231933594,180.84144592285156,24.32567596435547,0.28844407200813293,0.3522900640964508,-0.8903324007987976,0.5262703895568848,-0.8351374864578247,-0.15995267033576965,599.8848876953125,-119.84278106689453,289.41705322265625,0.6160748252054921,0.6528921143045924,0.8012256752014721,0.6122673441538236,0.6221292396845669,0.5704034627058029,0.6068518925690024,0.6412321233322987,0.5488803768567871,0.5446964816458677,0.5565049306148542,0.9979474305777235,0.5421115882794518,0.6888477206825597,0.9999993408948851,0.7172330981153744,0.9469090970490458,0.9977259960983861,0.5504881971680529,0.7117185539538589,0.9999116686307964,0.7431882048774805,0.541564337144849,0.9864983811769747,0.586522784746561,0.7024293788540668,0.9999575682626879,0.7585765244005882,0.548680508664659,59501787889,Left hand
44.90186309814453,179.8362274169922,27.129289627075195,0.32045555114746094,0.34185779094696045,-0.8834260106086731,0.5284899473190308,-0.8384937644004822,-0.13276506960391998,510.4204406738281,-115.98270416259766,323.4814453125,0.614308575319784,0.6508835209998349,0.7995298351605542,0.61014829694428,0.6222818080989596,0.5703556680060049,0.6100902091899886,0.6486338615231074,0.5500101313778255,0.5454973595288755,0.5564162364479753,0.9971284658122064,0.5423066350414314,0.6878790581897674,0.9999753909573792,0.7177764296327875,0.9435896715082644,0.99713567457391,0.5501498457352437,0.7124242849444221,0.9999995700814194,0.7412809783118974,0.5414422604024242,0.9856202961115945,0.5841796011323097,0.7024954167778139,0.9999820517652704,0.7549989132429858,0.5484373879525446,59501796556,Left hand
47.78168487548828,178.4127197265625,30.138368606567383,0.35264456272125244,0.33432596921920776,-0.8739954233169556,0.5228667855262756,-0.8449897766113281,-0.1122613325715065,328.9344177246094,-162.59375,343.6984558105469,0.613127167609281,0.6476533776763601,0.7956029465158597,0.6066168093372436,0.6227373375301709,0.5702568824669036,0.6131940571400807,0.6543632805944212,0.5511930650340267,0.5459602729189987,0.5566530231464781,0.9964724282085924,0.5424249199483785,0.6877843195859451,0.9999128688667381,0.7186026123192231,0.9414099846183983,0.9966445739454597,0.550001545745037,0.7130285292804729,0.9999390110324913,0.7400973606038799,0.5413490534665184,0.9851369118076724,0.5828657437450191,0.7021684102053055,0.9998893260417326,0.7523096130047758,0.5480530183538598,59501805311,Left hand
49.626380920410156,177.05416870117188,32.85544204711914,0.3802555501461029,0.32563769817352295,-0.8656591773033142,0.514673113822937,-0.8521646857261658,-0.09448248147964478,212.79200744628906,-156.71441650390625,313.4239501953125,0.6114537421757519,0.6422409878792381,0.7836166949551789,0.6038292028702099,0.6187187740411231,0.5700473616416161,0.6122450920795307,0.648462815435419,0.5508199372047028,0.5447899496420098,0.5573837304890147,0.9962781978555217,0.5422916306489237,0.6901692025659961,0.9998423842321617,0.7200945546048625,0.9413214517215642,0.996396187370411,0.5500133277223306,0.714449164567262,0.999856835701805,0.7401811605032786,0.5412478241924071,0.9847199009204399,0.5819753161222205,0.7016341351735315,0.9998234922534756,0.7515781497342373,0.5479412464723273,59501813980,Left hand
50.18198776245117,175.3597869873047,35.226776123046875,0.40562859177589417,0.3161470592021942,-0.8576225638389587,0.5085177421569824,-0.8577200770378113,-0.07567007094621658,64.48590087890625,-196.65472412109375,275.2246398925781,0.609559672646825,0.6329619747450527,0.758172636781806,0.5996920296601053,0.608924290449329,0.5698368625312031,0.6096094913373519,0.6392194566588569,0.5497718712284485,0.5434540364244844,0.5588219643348455,0.9964256344631348,0.5421358557736569,0.6937787592163082,0.9998239943102069,0.7226487426972056,0.9425766222363917,0.9964272956588187,0.5501410114662091,0.7159903026523103,0.999847638006182,0.7412780228519726,0.5411841006553287,0.9847837573664203,0.5815787605677369,0.7006940765340219,0.9998524619923503,0.7514303047389597,0.547863075070227,59501822596,Left hand
49.219356536865234,173.21302795410156,37.13394546508789,0.42302799224853516,0.30108004808425903,-0.8546333312988281,0.5105986595153809,-0.8583836555480957,-0.04966418072581291,-110.66027069091797,-246.78305053710938,219.2398223876953,0.6074386517368845,0.6220086222155033,0.726224268934538,0.5959874368908163,0.5966705585885113,0.5708660475278832,0.6052831056197153,0.6268013903027635,0.5475008596764895,0.5421086528361115,0.5609749620145048,0.996733422193905,0.5419700964048857,0.6991627812026281,0.9998350294599517,0.7268411545201727,0.9429648695033622,0.9966289129049664,0.5510135281143845,0.7190756821976895,0.9998772038861932,0.7436389797341275,0.5409627303114309,0.9850755168207581,0.5833622375219404,0.7020001507685949,0.9999296030191379,0.7536266095743294,0.5478212768121747,59501831295,Left hand
47.13400650024414,172.24949645996094,38.97119903564453,0.4327901005744934,0.2869504988193512,-0.8546064496040344,0.5157092213630676,-0.8563576936721802,-0.026372844353318214,-239.1180877685547,-110.48271179199219,210.67015075683594,0.6041406935920639,0.611812191002194,0.6987404892039409,0.5864134819826632,0.5885270928474823,0.572366407085766,0.6039579486357184,0.619564995961232,0.546333050759631,0.5412999185298614,0.5604195596924675,0.9972317481555798,0.5418611489929446,0.690812228994124,0.9999067646667756,0.7172919774144009,0.9430466588970859,0.996857698546998,0.5521849107068068,0.714964678652247,0.9999660039548876,0.7407963262668191,0.5408538225955175,0.9858234024231299,0.5857372364257059,0.6981861318635447,0.9999905875644994,0.7489142532758459,0.5476854770528343,59501840016,Left hand
43.852691650390625,170.75965881347656,40.03123092651367,0.4344608187675476,0.26875051856040955,-0.8596609830856323,0.5152228474617004,-0.8570230603218079,-0.007539312355220318,-384.2738952636719,-174.47589111328125,124.1402359008789,0.6004241890371939,0.6014287567010769,0.6786501753847141,0.5752926249038044,0.5881118194821704,0.5745141594691536,0.6044191614094188,0.6171439477409084,0.5455554758092511,0.5409731708459956,0.5602174039633575,0.9977516849552112,0.5417281317402758,0.6880545172678643,0.9999604704328307,0.713267830068202,0.9422698165377302,0.9971710056349046,0.5530928600878592,0.7153154811074582,0.9999975124565135,0.7414874203113866,0.5408051478183141,0.986871199052707,0.5878625977875063,0.6972724240424045,0.9999967032896074,0.7462684304723761,0.5475292487027653,59501848555,Left hand
39.21576690673828,169.1000518798828,40.906978607177734,0.4269949197769165,0.25573113560676575,-0.867339015007019,0.5111387372016907,-0.8594963550567627,-0.0017828424461185932,-531.087646484375,-190.0808563232422,100.30289459228516,0.5984851786735632,0.5964340899536598,0.6854602620267706,0.5744438281210387,0.6008219905001911,0.5766042170148734,0.6051276558363738,0.6151511823921894,0.5449326035996127,0.5407212482322227,0.5615646991435704,0.997921828041569,0.5417073894080746,0.6923030433075577,0.9999760780150525,0.7174098385704193,0.9402756910573175,0.9972870821337062,0.5539276699984111,0.7186029697764902,0.9999978610776117,0.7458078945795439,0.5407305907969937,0.987162099596354,0.5902448707275361,0.6982442830057599,0.9999573795460451,0.7482556181593916,0.5476660334538175,59501857286,Left hand
33.79652786254883,167.78155517578125,41.7216682434082,0.4137629270553589,0.23340769112110138,-0.8799551725387573,0.49124011397361755,-0.8710241913795471,-5.3200306865619496e-05,-620.05029296875,-150.858642578125,93.21405792236328,0.5960502289302367,0.5909099038950254,0.694389782932862,0.5750383676076624,0.6159134861021265,0.5777576178165349,0.6032629107609702,0.6103760330988484,0.5439517669481786,0.5405199359267404,0.5627709617164709,0.9980357499000327,0.5419073732941121,0.6958741550136158,0.999998784542126,0.7226757789497763,0.9392530582903029,0.9973136993190139,0.5548781307700402,0.7213164182610574,0.9999466328270354,0.7520177476267085,0.5407130576512061,0.987335479278669,0.5931504468451537,0.6981223940633348,0.999824623585192,0.7505471745706955,0.547665053407818,59501866026,Left hand
28.06332015991211,167.32748413085938,42.225990295410156,0.3950439393520355,0.19651880860328674,-0.8973965644836426,0.4641905426979065,-0.8856744170188904,0.010390018112957478,-665.9549560546875,-52.743865966796875,58.580894470214844,0.5930314361117541,0.5848093400078844,0.7075172556185052,0.5743005469196941,0.6370708700997396,0.5781366669693601,0.5990182787759443,0.6018225154157323,0.5428399561688929,0.5403393628392857,0.5640143504861177,0.9980623822641926,0.542314928915992,0.6982253691789438,0.9999825550788489,0.7282726806696042,0.9391278132528511,0.9971764534465538,0.5560832770743636,0.723052371506475,0.9997804559930281,0.7594239131103678,0.5407297031041949,0.9870767151241634,0.5963537990450345,0.6978219832896295,0.9996444544263955,0.7531560764493304,0.5475430025912753,59501874635,Left hand
20.809675216674805,166.12579345703125,42.50661849975586,0.36617517471313477,0.16166561841964722,-0.9163950681686401,0.44162940979003906,-0.8970125317573547,0.01822100579738617,-837.216796875,-138.6982421875,32.390281677246094,0.5879039249166812,0.5992759716091972,0.7807619731601282,0.5805959915517009,0.6676826713156726,0.5806619478751371,0.5960383578924796,0.5825608379695225,0.542191845877369,0.5415244206942508,0.5549465081024053,0.9976468629223347,0.5431177785289398,0.6983071733266636,0.9999362471690652,0.7336084390416786,0.9334901905675502,0.9968233673953859,0.5568243328932722,0.723141373093684,0.9996583955644196,0.7640872655907884,0.5407741455228404,0.9862817209699297,0.6003229360374236,0.698699213408616,0.9995524413688106,0.7559596387310743,0.547152913765918,59501883299,Left hand
12.979435920715332,164.34776306152344,42.46799087524414,0.3361549973487854,0.1232377141714096,-0.933708906173706,0.39238467812538147,-0.9195860624313354,0.019893119111657143,-903.35009765625,-205.1267547607422,-4.456342697143555,0.5868314704734218,0.611328173271962,0.8387783175774273,0.5939164915273373,0.6981170886025105,0.5822898091873318,0.587620133589299,0.5643727877253786,0.5405130592438727,0.5444993206095062,0.5547720799984739,0.9967236300304266,0.5455495779948426,0.694650569452617,0.9995370905588586,0.7441198957542496,0.9275659223837266,0.9965941508606606,0.5614320062354172,0.7265056488924801,0.9991331055746636,0.774329037224289,0.5409739664223974,0.985990408670189,0.6087643020506496,0.7025350254623659,0.9990752795033563,0.7626977021216887,0.5471091599642605,59501891967,Left hand
4.489154815673828,162.66567993164062,42.16850662231445,0.30276426672935486,0.10208279639482498,-0.9475826621055603,0.3578850030899048,-0.9336642026901245,0.013765283860266209,-973.6560668945312,-192.89999389648438,-34.344661712646484,0.5875312296263097,0.6380046486656159,0.8832626647600642,0.6173496518964817,0.7006113357756614,0.5830231705837219,0.5922703207935784,0.5678077033490786,0.5408900223689901,0.5444992856244627,0.5537926816605643,0.9955762728189581,0.5487354372041208,0.69368908672147,0.999048728065046,0.7548465604071022,0.9222530708196149,0.9962897295473013,0.5671114117183993,0.7311909384486677,0.9986480802486554,0.7832078653646779,0.5411144492319309,0.9854356923802412,0.6181645785413121,0.7079548470014,0.9986298079795278,0.7695463132294021,0.5472791974633605,59501900687,Left hand
-4.164965629577637,160.8021697998047,42.01514434814453,0.27431249618530273,0.08900658041238785,-0.9575126767158508,0.32890573143959045,-0.9443407654762268,0.006444199942052364,-991.7625732421875,-213.55833435058594,-17.575366973876953,0.5894731617870635,0.6692532069225585,0.9082519735420392,0.6373476491084381,0.6873265578080525,0.5829856734001323,0.6067574157391481,0.58023396752239,0.5446084309472609,0.5444784523938744,0.5529435373390013,0.9942257910774037,0.55262137943308,0.6903020125846556,0.9984897388362641,0.762063120326318,0.9185976834903091,0.9958909157760888,0.5730058421535648,0.7333401765285638,0.998173768988885,0.7888045147752669,0.5412843123316146,0.9844931821212982,0.6277310387421495,0.7123106396201153,0.9981519624996831,0.7758785833481929,0.5476516911280832,59501909413,Left hand
-12.488250732421875,158.58462524414062,41.42876052856445,0.25020572543144226,0.08645694702863693,-0.9643247723579407,0.3077937364578247,-0.9514375329017639,-0.005440725013613701,-966.475341796875,-257.4939270019531,-68.08924102783203,0.5924585324553294,0.6874703525988799,0.9140876142019707,0.6440513939719352,0.6735944647649871,0.5819167974543454,0.6114910835310171,0.6059246100540192,0.5477634112428571,0.5404770620289594,0.5528274536873009,0.9930068360371866,0.556580257327472,0.6861348652560418,0.9978446202183603,0.7668576307635201,0.9170784176472576,0.9955521716216629,0.577882712976786,0.7330748174540304,0.997693864720909,0.7914886204049288,0.5415059019286015,0.9835565338998616,0.635651762092636,0.7149548291767941,0.9976892539182362,0.7805310500264873,0.5481323036142545,59501918025,Left hand
-20.418752670288086,155.92999267578125,40.65235900878906,0.22954803705215454,0.10200712829828262,-0.9679371118545532,0.276071697473526,-0.9604719877243042,-0.03574950620532036,-915.5509033203125,-306.469482421875,-89.63313293457031,0.5947464587301187,0.6948361986340954,0.9209915809529583,0.6450080755925338,0.6746289957355079,0.5817840157528542,0.619752110928113,0.628344561014748,0.5521191225551012,0.5405755452304755,0.5555268476054656,0.9924410249572828,0.5600150057427533,0.681842429170418,0.997006628719952,0.7691133274348371,0.917171856477337,0.9956184112865871,0.5794270274440009,0.7279962902002376,0.9971383434254518,0.7886981084849538,0.5420308744985259,0.9835404345289309,0.6375165058248806,0.7150874191912499,0.9974217200940959,0.7814585511210304,0.5488968753723951,59501926687,Left hand
-27.437564849853516,153.37351989746094,40.40257263183594,0.2084188610315323,0.11265619844198227,-0.9715297818183899,0.25804537534713745,-0.9644804000854492,-0.05648120865225792,-813.8695678710938,-296.4361267089844,-28.964141845703125,0.5970218173870634,0.7041350116699432,0.9265007935249358,0.6444246099254795,0.6717005197996244,0.5834695416684238,0.6336707953877688,0.6447797991921436,0.5577043500442685,0.5406941189042859,0.556804831222825,0.9908499626467973,0.5660465705267151,0.6770267643225139,0.9955657378163604,0.7766154652717442,0.9122040903888596,0.9953080125485008,0.5832347010925807,0.7243600388513978,0.9963171721817579,0.7896017348416445,0.5426667234618294,0.9831836672996,0.6460547321422371,0.7141172088486835,0.9961377891306804,0.7839445183249169,0.5492704002119293,59501935311,Left hand
-33.430362701416016,149.83499145507812,40.295814514160156,0.18519295752048492,0.1106615960597992,-0.9764515161514282,0.25723975896835327,-0.964451014995575,-0.060513705015182495,-684.734619140625,-404.3110046386719,-12.197921752929688,0.6010641438064841,0.7232081673156584,0.9324517202592671,0.6483383588736678,0.6592776969798188,0.5816775671053881,0.6670371323589542,0.7645538843616586,0.5754958156212523,0.5614212664547336,0.5581648494910599,0.986778284055053,0.5794877100339872,0.6656655236542666,0.992833693042724,0.7864334585728295,0.9068320881441638,0.9939335557239546,0.5885482495233367,0.7174963967183642,0.9956809552925258,0.79001259371193,0.5441192751355531,0.9815778587330225,0.6559111437322357,0.7102153942316529,0.9948346417606687,0.7841799840691007,0.549307282067909,59501944063,Left hand
-38.87136459350586,146.71597290039062,40.93172073364258,0.16286996006965637,0.10139388591051102,-0.9814237952232361,0.26031163334846497,-0.9638770222663879,-0.056381650269031525,-628.7993774414062,-360.45513916015625,73.4896469116211,0.6042523556603729,0.7333816900988593,0.929518279115638,0.6469116643814281,0.6455400813354384,0.5797795541934273,0.6863296171220665,0.856185772152271,0.587271437310986,0.5990613912158889,0.5585352255983315,0.9815234929812121,0.5948394764617965,0.646125649724497,0.9897616118354541,0.785793467096784,0.8985942107454323,0.9926039441430538,0.5951999082918216,0.708971746184251,0.9941842051733062,0.7910552840933004,0.5457884952037714,0.9801739008010967,0.6657150508477769,0.7021233339560277,0.992328492502388,0.7826919594274024,0.5495637001554361,59501952716,Left hand
-43.67600631713867,143.08688354492188,41.74111557006836,0.1417751908302307,0.07653504610061646,-0.9869357347488403,0.25215137004852295,-0.966911256313324,-0.03876016288995743,-555.3218383789062,-419.45111083984375,93.55017852783203,0.6069321708868367,0.7305886736338012,0.9124831099758905,0.6382619110899173,0.6298015798021357,0.5756695306277173,0.6976212559912204,0.9097168830040815,0.5970415409864278,0.6333066188123853,0.5590949747787387,0.9739069454693948,0.6173989592978512,0.6269239562375326,0.9835485105721554,0.7953476231722956,0.8893124228546531,0.9911986327345887,0.6009529553378339,0.6954212081632566,0.9918936927581865,0.7894594824390725,0.5478464599152533,0.9780300943679239,0.6751720451265616,0.6878754655245953,0.9885117072986241,0.7781226065371659,0.5503007394717045,59501961368,Left hand
-45.550045013427734,138.1619110107422,42.13673782348633,0.12095992267131805,0.07030043005943298,-0.9901649355888367,0.2371390014886856,-0.9706541299819946,-0.03994596004486084,-197.10113525390625,-517.9818725585938,41.609153747558594,0.6095256850075917,0.729135958596393,0.89643389894826,0.6289283521978647,0.615493324941601,0.5768090341673935,0.7113898621710781,0.9428017169018155,0.6045801420605028,0.6574711275125431,0.5593550894039191,0.9699934994023839,0.6454860004439976,0.6175765289104368,0.9696228113020235,0.8213790501361388,0.8810505062851836,0.9916306128722067,0.6049459684825761,0.6874297547266796,0.9889758760786304,0.7876872255863805,0.5499422784312255,0.9782652420674542,0.6808732810914654,0.6792413494346542,0.9847572301915019,0.7729497021852203,0.5513606709847454,59501970876,Left hand
-45.623313903808594,133.87144470214844,42.622127532958984,0.10893654078245163,0.06911379843950272,-0.9916431307792664,0.2236858308315277,-0.9736994504928589,-0.04329027235507965,-9.331073760986328,-546.4170532226562,61.81753921508789,0.6115103423507221,0.727513680533862,0.8862438838844091,0.6215506154830419,0.6078397848095048,0.5804554819369984,0.7384780668021107,0.9693539606485568,0.6178603947089649,0.6715014508476637,0.5582748275941686,0.9664132356102105,0.6835634682771164,0.6056889655278224,0.9460534454868385,0.8509332374275439,0.868935774314011,0.9927294157303757,0.6055378128486248,0.682740161772196,0.986774081395874,0.7846377309653818,0.5525925166445208,0.9793679486744404,0.6810447866564954,0.6730379676172192,0.9824071506997212,0.767268056527633,0.5524319210515725,59501978728,Left hand
-43.661827087402344,130.2756805419922,43.873653411865234,0.10507413744926453,0.06457313895225525,-0.9923657178878784,0.212667778134346,-0.976263701915741,-0.04100758954882622,226.36862182617188,-414.9763488769531,144.43467712402344,0.613062524554227,0.7289195424882604,0.8807626860947522,0.6179911760078268,0.6019377439621699,0.5833062940255384,0.7560132842648765,0.9840123813937723,0.627228781850985,0.6850422589807051,0.5577017317867506,0.954642994221897,0.7341605561444392,0.5902469775086282,0.9195304987582339,0.8844289859568188,0.8466680963763475,0.9938224632706834,0.6058102484310847,0.6756489688386458,0.9847800977220841,0.7767631232018329,0.559571378499203,0.9807824154168329,0.6791313028624897,0.6662371683567734,0.9808384165443403,0.7576290235929282,0.5536414825960342,59501987393,Left hand
-40.588714599609375,127.03981018066406,45.59649658203125,0.10755886882543564,0.05344691500067711,-0.9927610754966736,0.20966392755508423,-0.9773162603378296,-0.02989976666867733,355.6431579589844,-374.4775695800781,199.37979125976562,0.6133047895944954,0.7259035385509824,0.8721983296355315,0.6144212281721391,0.5975233902027564,0.5860773709009441,0.7669115686229178,0.9870702045324268,0.6319884073882869,0.6828472475042896,0.5571241404184823,0.9485030046250521,0.7836217556962467,0.5763882664155592,0.8851589437280274,0.9076491134690874,0.8339395403688706,0.9944219804003509,0.6051319357467596,0.668940866305846,0.9836883608100665,0.7690234018500237,0.5639910057867173,0.9814889789450318,0.6758279655718284,0.6599724005967676,0.9802263584966746,0.7500356150004561,0.5545768090194843,59501996034,Left hand
-35.528282165527344,124.21957397460938,47.518951416015625,0.11987973004579544,0.04057836905121803,-0.9919587969779968,0.20253810286521912,-0.9791504740715027,-0.015577377751469612,583.9411010742188,-325.43682861328125,221.83871459960938,0.6127887313624616,0.7219023903256612,0.8628774902485524,0.612848035710293,0.5937414601054778,0.5859996058269914,0.7661346201957365,0.9892653841318937,0.63197762555694,0.6897172066844796,0.5571541725908329,0.9270211511512861,0.850887251341071,0.5745571698194664,0.8491415554543473,0.9572287087652267,0.8052048905381666,0.9937673309051278,0.6063762789179659,0.664441556765615,0.9834160482629191,0.7671822217141869,0.5754758720387432,0.9807074509457354,0.6731646355352208,0.6536538229856947,0.98012101236226,0.7468628110797437,0.5553374210723696,59502004700,Left hand
-29.601417541503906,122.67145538330078,50.03474807739258,0.14424599707126617,0.030657898634672165,-0.9890668392181396,0.19879432022571564,-0.9800402522087097,-0.0013858408201485872,681.0923461914062,-177.90452575683594,289.1059265136719,0.6123336542050152,0.7169810612394749,0.856012510315525,0.6145028122782612,0.5933072143410928,0.5866256441424339,0.7777844575659408,0.9914139927511706,0.640891627729544,0.6856348874789812,0.5578121494801546,0.9057200065350414,0.9093381669568945,0.5618586242513656,0.8122193869939026,0.9751472568706742,0.7780171973022146,0.9924575066043786,0.6083384196631317,0.6608364344750053,0.9840638934416851,0.7658975680278369,0.5866819316765164,0.9793829385453768,0.6711091742147358,0.647221792343063,0.9808184791763864,0.7412968149175692,0.5555631702261546,59502013402,Left hand
-22.120737075805664,119.78939056396484,51.8143310546875,0.1764378547668457,0.005949752405285835,-0.9842938184738159,0.22620627284049988,-0.9734624624252319,0.03466392681002617,847.2850341796875,-326.4309387207031,201.5609588623047,0.6108155964699832,0.714028969113668,0.8588589406788003,0.6261168510769536,0.5989123799890411,0.5792517703204907,0.7559193630517237,0.9929655838458981,0.6349363693244024,0.7115111137735985,0.5618089391767954,0.8732461989604698,0.9848982403550102,0.6196761223062108,0.7285185285066907,0.8436313769623028,0.7525392807972728,0.9881295529990365,0.6127556805823792,0.647720428238059,0.9865740821207698,0.7556738480488983,0.6002047407422402,0.9726892058598322,0.6703885788839932,0.6362968246181482,0.9846836021152121,0.7331320507848371,0.5551002854238271,59502022231,Left hand
-14.35999870300293,117.40776824951172,54.01158905029297,0.20337258279323578,0.0018361002439633012,-0.979099690914154,0.24128472805023193,-0.9692516326904297,0.048300549387931824,901.57275390625,-276.67572021484375,255.2574462890625,0.6082146331732347,0.7097655549273896,0.8649900888036095,0.6379711130161528,0.6076781821983319,0.5800459486148032,0.7547068956817781,0.9859986117651205,0.6323454302310635,0.6910690618060026,0.5626378764661584,0.8582340201752251,0.9745794782137199,0.5633615435870126,0.588398540064527,0.9999996991571559,0.734676517414594,0.9860872818167135,0.6147657567881359,0.6383811004074952,0.9880060134574302,0.7426601610373195,0.6064167830913582,0.9681257195347275,0.6702452776402311,0.6303814061323189,0.9867947844905368,0.7291522344817822,0.5546632559075417,59502030839,Left hand
